-33.1179064357687, -70.83596860471334
-33.11797207592736, -70.83596883197477
-33.11802640178918, -70.83597193831339
-33.11808397023708, -70.83597647146522
-33.11814481377145, -70.83597520814307
-33.118202967015826, -70.83597518629611
-33.11825887548447, -70.83597809686246
-33.11832159961457, -70.83597849360623
-33.11837768355856, -70.83597889260642
-33.11843637043812, -70.83597643731785
-33.11849764736606, -70.83597692772334
-33.11856171937567, -70.83597144163528
-33.11862013452998, -70.83596899857919
-33.11868132844134, -70.83596099982209
-33.118756410416346, -70.83595583876006
-33.11881482944507, -70.83595058744692
-33.11887315593341, -70.83594527218143
-33.1189315786378, -70.83593993062401
-33.11898990061033, -70.8359320177914
-33.118965121553906, -70.8358669343812
-33.11890679111441, -70.83586959197314
-33.11885133708634, -70.83586648684677
-33.11879300986847, -70.83586621646944
-33.11873746110905, -70.83586313827956
-33.118679040112745, -70.83586292492973
-33.1186169260478, -70.83585977078523
-33.11856082387188, -70.83585964598377
-33.11849936260645, -70.83585654137215
-33.11844356021384, -70.83585606963118
-33.11838227558762, -70.83585315638145
-33.11832664503543, -70.83585290859935
-33.118268237421525, -70.8358526606926
-33.11820704874481, -70.8358496947931
-33.11814864452052, -70.8358494166897
-33.118093107374776, -70.83584636932953
-33.11803470017215, -70.8358461510476
-33.11797638773375, -70.83584307377971
-33.117918069027624, -70.83584008634737
-33.11789797439066, -70.83577830236365
-33.11791463132242, -70.83571731089829
-33.117975821869535, -70.83571741056973
-33.11803414561397, -70.83571753025878
-33.11809247415089, -70.83572036790045
-33.118150880403014, -70.83572055720235
-33.11822996079444, -70.83572361000088
-33.11828874017635, -70.83572349275744
-33.1183501018779, -70.83572655802051
-33.11841120896543, -70.83572664807902
-33.118466769881245, -70.83572930587148
-33.118525101872535, -70.83572933591672
-33.118583337552685, -70.83572954033515
-33.118641576909575, -70.83573243230812
-33.118702589283025, -70.83573263628949
-33.118760916721975, -70.83573553409524
-33.11881647964085, -70.83573538414788
-33.118877491449226, -70.83573836568368
-33.11893306217323, -70.83573806578157
-33.11899139246992, -70.83574090358704
-33.119052402463595, -70.83574113713337
-33.11910795801652, -70.83574391494905
-33.119166283543365, -70.83574406494355
-33.11922459814163, -70.83574720265233
-33.119282843359315, -70.83574716601672
-33.11934117668991, -70.83574994383463
-33.11939951162696, -70.8357499138872
-33.11945784335384, -70.8357499439152
-33.11951061311044, -70.83573898277992
-33.1195162088304, -70.83566045531715
-33.119471677270354, -70.8356215296125
-33.11940501390207, -70.83562424737589
-33.119349463296395, -70.83562137960742
-33.11929113986026, -70.8356184218843
-33.119235592551405, -70.83561827192517
-33.11917431182955, -70.83561869613249
-33.11911597676285, -70.83561872769269
-33.119057641696116, -70.83561875925285
-33.11899933265279, -70.83561553900817
-33.118941004525226, -70.83561544416138
-33.11887988821261, -70.83561276114578
-33.118821556615465, -70.83561272950261
-33.11876600279606, -70.83561269786146
-33.11870767987426, -70.83560973043222
-33.118652105238745, -70.83560730023395
-33.11859100627264, -70.83560707897882
-33.118535442044475, -70.83560723694771
-33.11847434828411, -70.83560414311046
-33.11841614048378, -70.83560351798431
-33.11835778858116, -70.8356010878224
-33.11829945693758, -70.83560105617624
-33.118243906449834, -70.83559818354428
-33.118182800405286, -70.83559808868615
-33.11812724991752, -70.83559521605446
-33.11806891489721, -70.83559524761866
-33.11801057818856, -70.83559531078782
-33.11795225667651, -70.83559231173439
-33.117899482286326, -70.83557280404433
-33.117901984663014, -70.83550340144266
-33.117944093661364, -70.8354647685496
-33.11801344541803, -70.8354703491784
-33.118071881007616, -70.83546735674572
-33.1181273474395, -70.8354700963902
-33.118185675845716, -70.83547019125653
-33.11824677217676, -70.83547325355389
-33.118305079238056, -70.83547375933209
-33.118363406000924, -70.83547666358541
-33.11841896319705, -70.83547663201625
-33.11847732444158, -70.83547609471084
-33.11853287671059, -70.83547893574486
-33.11859398289307, -70.83548180839152
-33.11864954173115, -70.83548174521333
-33.118710659408485, -70.83548161882152
-33.11876899930673, -70.8354842702052
-33.11882732278713, -70.83548445989871
-33.118885563026346, -70.83548726252252
-33.11894668257773, -70.8354871045388
-33.11900222462516, -70.83548735742079
-33.1190577632945, -70.83549045129148
-33.119116127016746, -70.83548988243545
-33.119177226306554, -70.835492881494
-33.11923555119671, -70.8354930395624
-33.11929388115055, -70.83549588059218
-33.11935499394855, -70.83549584902993
-33.119410561321246, -70.8354956278306
-33.1194661168741, -70.83549840564734
-33.11952167919142, -70.83547883482105
-33.11952171974878, -70.83540307629231
-33.119477251686604, -70.83536740763013
-33.119424467155426, -70.83537031179291
-33.11937168600224, -70.83537037496693
-33.11931336786658, -70.83536731269902
-33.11925226857653, -70.83536431364047
-33.11919393862123, -70.835364250389
-33.11913560528928, -70.83536425034845
-33.11907447392116, -70.83536185179311
-33.11901614396586, -70.83536178854155
-33.11895781738854, -70.8353588843018
-33.118896702902255, -70.83535894746983
-33.11884114566108, -70.83535620125875
-33.11878279882263, -70.83535645406036
-33.11872444860896, -70.83535399229459
-33.1186661287835, -70.83535373941143
-33.118605026116775, -70.83535080356475
-33.1185466860316, -70.83535092994474
-33.11848834932442, -70.83534821533658
-33.11843002949894, -70.83534796245425
-33.118371694478675, -70.83534799401858
-33.118313362836425, -70.83534518459501
-33.11825226354488, -70.83534496331653
-33.118196707992034, -70.83534218550024
-33.118138374660056, -70.83534218545957
-33.11808004808132, -70.83534205899873
-33.118024490840156, -70.8353393127875
-33.11796614231352, -70.83533959719193
-33.11790781574164, -70.8353255818432
-33.11790477170048, -70.83525602126814
-33.11794981342434, -70.83520960503219
-33.117999714057916, -70.83521531245457
-33.11805527116113, -70.83521528087876
-33.1181135781602, -70.83521581837724
-33.11817193627461, -70.83521809035403
-33.118227496475804, -70.83521799554781
-33.118285834453324, -70.83522067852104
-33.11834684602272, -70.8352236079711
-33.11840239838607, -70.83522367123433
-33.118460726931715, -70.8352237661116
-33.11852183006421, -70.835223924215
-33.11857740954849, -70.8352262278515
-33.118632977866156, -70.83522597499424
-33.11869687792153, -70.83522575375456
-33.11875243826068, -70.83522843673477
-33.11881076361406, -70.83523137261375
-33.11887178377514, -70.83523136607981
-33.118930133524316, -70.83523382781024
-33.11898845536323, -70.83523404911269
-33.11904401748492, -70.83523392271616
-33.119102350815496, -70.83523670053445
-33.11916069399727, -70.83523928869946
-33.11921626925528, -70.83523613165362
-33.11927460258588, -70.83523890947157
-33.119335710410446, -70.83524175050935
-33.119388493112595, -70.83524165571897
-33.11944960422226, -70.83524165576121
-33.119507949047325, -70.83524143453846
-33.119524730701585, -70.83514926855668
-33.119485738383496, -70.83510787993472
-33.1194329491114, -70.83511365671667
-33.11937738206563, -70.83511110016357
-33.11931905201733, -70.83511103690535
-33.11926072032856, -70.83510822747854
-33.11920238863844, -70.83510819582938
-33.11914128081377, -70.83510535479184
-33.119085728543205, -70.83510529153583
-33.11902738371842, -70.83510551275758
-33.118969033969535, -70.83510305102793
-33.11891067436831, -70.83510355672826
-33.11885510896447, -70.83510096856443
-33.11879953863381, -70.83510125300428
-33.11873843080783, -70.83510118974368
-33.1186773295505, -70.83509822227073
-33.11861901263682, -70.83509790614276
-33.11856345051667, -70.83509525476101
-33.118505102408314, -70.83509553919808
-33.11844676743457, -70.83509557076567
-33.11838843738763, -70.83509272972975
-33.11833842917975, -70.83509288773759
-33.119470945672276, -70.83513264946063
-33.119415518787115, -70.83512993323637
-33.11935427499563, -70.835130064325
-33.11929749126995, -70.83512725719929
-33.1192387905448, -70.8351249706156
-33.119182990454064, -70.83512494571232
-33.119121790680005, -70.83512369454752
-33.119066118309966, -70.83512088233374
-33.11900770824987, -70.83512108382536
-33.118949304713254, -70.83511842396626
-33.11889091350128, -70.83511839583339
-33.11883247077604, -70.83511617323272
-33.118774078851374, -70.83511614475945
-33.11870181904962, -70.83511588704495
-33.118660140963186, -70.83511323422114
-33.118599048888555, -70.83511302590465
-33.11853786625106, -70.83511314302899
-33.11847676287838, -70.83511028192389
-33.1184211937847, -70.83511042767186
-33.11836006913555, -70.83511057341707
-33.1182989522239, -70.83510785808538
-33.11824338313025, -70.83510800383284
-33.1181849949859, -70.83510793331773
-33.1181266420072, -70.83510536371978
-33.11807107859455, -70.83510266919885
-33.11800997141385, -70.83510262752887
-33.117951620398976, -70.83510281488732
-33.117904406043756, -70.8350805093617
-33.11790433497005, -70.83500560523984
-33.117960064878574, -70.83497517816318
-33.11801554544253, -70.83497531596706
-33.11807388457635, -70.83497803129816
-33.11813223724994, -70.83497782307843
-33.118190580252914, -70.83497771898217
-33.118248870163036, -70.83498030132242
-33.11830721921306, -70.83498013478383
-33.11836554272107, -70.83498301669235
-33.11842665972442, -70.8349857320362
-33.118485740694375, -70.83498556958678
-33.11854437903196, -70.83498833671302
-33.11860290031682, -70.83498824942043
-33.11868370556468, -70.83498812418557
-33.118742100170905, -70.83499088601465
-33.11879770059554, -70.83499116260984
-33.118858889221215, -70.8349936315068
-33.11891728698442, -70.83499355243998
-33.118972893820654, -70.83499650195502
-33.11903401030962, -70.83499639742152
-33.11909241094454, -70.83499625534184
-33.119147972768644, -70.83499890765756
-33.119209094329335, -70.83499869853961
-33.11926470612694, -70.83500154321474
-33.11932582839479, -70.83500131315829
-33.11938416274066, -70.83500407004573
-33.11944255410578, -70.83500409497135
-33.119500895306246, -70.83500670542456
-33.11952886023679, -70.83494813217462
-33.119512180221314, -70.83487900159582
-33.11944828420213, -70.83487916896443
-33.1193871525904, -70.8348768724267
-33.11937881658295, -70.8348769351969
-33.11951408996767, -70.83489011853968
-33.11945249801376, -70.83489108498935
-33.119396125027635, -70.83489158255747
-33.119336789911635, -70.83488941874401
-33.11927745614089, -70.83488958119919
-33.119219628693116, -70.83488982563276
-33.11915759025157, -70.83488705583193
-33.119098788658135, -70.83488743888384
-33.11904285691151, -70.83488771889934
-33.11898151677064, -70.83488538908819
-33.11892301057706, -70.83488538621967
-33.11885902964847, -70.83488542662919
-33.118797800015514, -70.8348828856598
-33.1187394121137, -70.83488264482114
-33.11868381805672, -70.83487951387629
-33.118625416139835, -70.83487938522316
-33.1185670905813, -70.83487932906098
-33.11850881166536, -70.83487615837385
-33.11845037933776, -70.83487625417476
-33.118392046006896, -70.83487347635999
-33.11833495025929, -70.83487384512217
-33.11828178851398, -70.83487163156289
-33.11822487599291, -70.83487153615918
-33.11816527353638, -70.83487148407575
-33.1181062718149, -70.83486845021778
-33.11804744349599, -70.83486819418384
-33.11798877631628, -70.8348653653786
-33.11793034613789, -70.83486243696315
-33.117899619524444, -70.83480353790044
-33.11790519362448, -70.83474213045398
-33.11795808603902, -70.8347286591604
-33.118021885888794, -70.83473171635131
-33.11808029744381, -70.83473045430166
-33.11813855545224, -70.83473054084641
-33.11819688113125, -70.83473343475828
-33.118252433624896, -70.83473348122925
-33.11830792899895, -70.8347333354068
-33.118369024462446, -70.83473634539158
-33.118427348406385, -70.8347392625053
-33.118482903960924, -70.8347392625352
-33.11854115780233, -70.83473939512719
-33.1186022737072, -70.83474210329506
-33.118657803683384, -70.83474247475297
-33.11871613701458, -70.83474525256227
-33.11877448313603, -70.83474506687969
-33.11883280847399, -70.83474796076034
-33.11889113860896, -70.83474800722058
-33.118946623660825, -70.83474800032069
-33.1190021939143, -70.83473668034148
-33.119005105861994, -70.83466075867334
-33.11896313271472, -70.83461948167661
-33.1189131517992, -70.83462200422214
-33.11885761880023, -70.83461892480881
-33.11879649901536, -70.83461904077886
-33.118738167419096, -70.83461623976993
-33.118682596249855, -70.83461644854444
-33.11862149034578, -70.83461360113313
-33.11856038791054, -70.83461348509874
-33.11850483929687, -70.83461061449017
-33.118446493819874, -70.83461077686198
-33.11838816048861, -70.83460799905345
-33.118332689111554, -70.83460779738985
-33.11827157119905, -70.83460511239554
-33.11821600373832, -70.83460527479328
-33.11816047539783, -70.83460490350208
-33.11809938129764, -70.83460189365391
-33.11804380363164, -70.83460219527457
-33.11798553547195, -70.83459947090046
-33.11792450111003, -70.83459658392145
-33.11790778772151, -70.83453516424298
-33.117935741302055, -70.83446893555197
-33.11800247810775, -70.83447725215699
-33.11805808878497, -70.83447468973425
-33.118116432590234, -70.83447730497662
-33.118177551181695, -70.83447718889012
-33.11823596031889, -70.83447985672483
-33.11829430388644, -70.83447969416751
-33.11835263429437, -70.83447974065183
-33.11841096616448, -70.83447976390933
-33.11846931265537, -70.83448233267545
-33.11852486820892, -70.83448511048212
-33.11858604720885, -70.83448511647866
-33.11864161418694, -70.83448770844578
-33.11869995894381, -70.83448752263645
-33.118763836407, -70.8344877085094
-33.11881939767283, -70.834490393396
-33.11888050592673, -70.83449043988776
-33.11893883211765, -70.83449333384587
-33.11899440195396, -70.83449032379679
-33.119005896642484, -70.83438671350443
-33.11895292450803, -70.83436440576878
-33.11888626600033, -70.83436704409776
-33.118830705007525, -70.83436435923508
-33.11877237711541, -70.83436148848473
-33.11871682700001, -70.83436139551357
-33.11865850590586, -70.83436118636244
-33.11860017937352, -70.83435829237685
-33.11854462381992, -70.8343555145713
-33.11848636763772, -70.8343553107177
-33.11841439919382, -70.8343554467671
-33.11837080251139, -70.83435269541742
-33.118315901103685, -70.83435257835964
-33.11825796126254, -70.83435216620312
-33.1182025985598, -70.8343494599875
-33.11814161649686, -70.83434661278089
-33.11808341184243, -70.83434656611036
-33.11802798370038, -70.83434630928647
-33.117966937103056, -70.8343436241497
-33.11791144436954, -70.83434346046035
-33.11785039602704, -70.83434056544407
-33.117794839621574, -70.83434047225572
-33.11773379252741, -70.83433774014242
-33.11767545796044, -70.83433762366501
-33.117619900925305, -70.83433470612162
-33.11755885105918, -70.83433454205561
-33.11750051604102, -70.83433162451458
-33.117442182427546, -70.83433160119715
-33.117383847409364, -70.83432868365637
-33.11736149780874, -70.83427565154926
-33.117378164924226, -70.83420625369396
-33.11743940384924, -70.83420653132974
-33.11749773886851, -70.83420667109289
-33.117553294423125, -70.83420667111986
-33.117614405813406, -70.83420947221647
-33.117672737740016, -70.83420935579879
-33.11772835788395, -70.83420949442343
-33.117789470885164, -70.83421241196258
-33.117847739704146, -70.83421229668606
-33.11789969951478, -70.83421230834003
-33.1179571546331, -70.83421496081978
-33.11801540125009, -70.83421520719928
-33.11807537832777, -70.83421818196175
-33.11811774119829, -70.83421827529983
-33.118177090893596, -70.83421838483933
-33.11823864807981, -70.83421839160629
-33.118294330422984, -70.83422142635474
-33.11835272786217, -70.834221426554
-33.11841086874589, -70.83422144896416
-33.1184708189436, -70.83422440564458
-33.11852605071154, -70.83422443598118
-33.11858133378742, -70.83422474622517
-33.11864231062147, -70.83422483070639
-33.11870045012619, -70.83422757138179
-33.118758718489964, -70.83422756651552
-33.118814206500254, -70.83422760799567
-33.11887246950698, -70.8342304735865
-33.11892239619855, -70.83422505215478
-33.11888060598936, -70.83421381380045
-33.11881946203684, -70.83420879250448
-33.118763825918606, -70.83420068561968
-33.11870827329128, -70.83419230580446
-33.118647149025094, -70.83418418148302
-33.11859158908614, -70.83417869558014
-33.11853594896081, -70.8341706349134
-33.1184776051579, -70.83416246411736
-33.118419265842704, -70.83415700142719
-33.118341400781524, -70.8341461859431
-33.11828583451769, -70.83413801512579
-33.11823026978421, -70.83412982108766
-33.11817192880233, -70.8341243816049
-33.11811636712958, -70.8341161411252
-33.118055242249746, -70.83410801674542
-33.11799968669727, -70.8341024611607
-33.117941357957, -70.83409961369043
-33.11788025450067, -70.83409394200005
-33.11781646579694, -70.83408856248353
-33.117758151817256, -70.83408827583087
-33.11769706601541, -70.83408512320773
-33.11764203977291, -70.83408483657011
-33.11758669257906, -70.83408171989156
-33.117525788845946, -70.83408133541965
-33.11746759475954, -70.83408101205357
-33.11740933548552, -70.83408072861974
-33.11736218468324, -70.83405271142183
-33.117367775185, -70.83397837773074
-33.11741806148832, -70.83395136716977
-33.117487495985195, -70.83395445441829
-33.11754304656707, -70.83395460916414
-33.117598593596966, -70.83395487442354
-33.117656920534806, -70.83395785115431
-33.11771524463205, -70.83395813851844
-33.11777357370202, -70.83395827116395
-33.11783189708784, -70.83396135840913
-33.11789022473699, -70.8339615352606
-33.117934729669244, -70.83393115948485
-33.11793195801383, -70.83387262721428
-33.117887446294866, -70.83383377958852
-33.1178207831812, -70.83383366904098
-33.11776516705969, -70.83383351125117
-33.11770677439471, -70.8338333312462
-33.11765116003253, -70.8338303733555
-33.11759282508569, -70.83382763974448
-33.11753443256389, -70.8338274816152
-33.117478876170075, -70.83382472590596
-33.117420485820546, -70.83382452347628
-33.11736771415516, -70.83381603545617
-33.11736757986281, -70.83375782722398
-33.117367573300065, -70.83375798185854
