288.83106306669777
17.48871207686852
12.699430802071554
-48.16153543967887
-2661.8463000774714
19.208793717137905
158.09732757950943
140.56119769953793
-23.902233066244843
124.95155545106817
-11.678997665496599
-23.91068897510615
-7.650427510632562
-14.5477761169062
-11.124651522302441
-10.973391361932826
-10.93739142640617
-7.370555573417028
0.38072769007440327
-21.948606453188173
17.858863539530514
215.72525470651834
18.045917125191608
273.82723846944947
19.69284066193652
449.5314076711756
19.79676459240612
118.2903236009835
21.036516568336193
224.51400988695016
235.60315644348972
20.63073167783468
210.00902656733055
18.224674045626085
267.57690720676294
18.94941892200244
19.521347936686052
0.3252402282036528
-0.2731026654996226
613.9225806893141
487.29391205656174
20.55528626641773
308.53494870518495
25.90422871538164
-501.3447175815009
20.01841280805417
678.5265485133741
20.90491133407795
1941.4717930174634
284.8846896223118
20.138278441854254
299.10757429002115
20.128139745868854
-370.54951193690215
20.46321508779524
-185.29620756704915
20.554719960444043
261.2329360275744
19.999726156871407
388.8510887097729
18.58508946146668
-1589.8524605489058
20.999695605332004
-1947.9113289926795
1942.5775018658014
-4.814260130173375
-0.0712581275156412
1.144014230044349
-24.52876083207291
19.370673123031846
19.719031813294016
370.4163063865064
-144.45937102273777
-1848.3741309641525
-1848.376628712713
18.10702264553583
614.9720323631868
22.778962872427236
1843.4183640291194
1755.7458927451821
19.65435974827946
22.868354404021083
276.14712762722115
-351.7416005401908
19.74692119232936
93.11368673120866
24.01152873803001
1843.245994207194
19.33783665390504
644.1835715164253
19.337838478939847
-1848.1388196924722
-923.4997198060352
19.446639847595634
2.705312112017442
-0.036055949315501504
-1.0899778662336441
12.427229836763688
-19.52778760212771
20.245850308193297
614.848301919296
19.951142560806957
115.2818783255093
20.08322154230116
-1759.8567629627428
-108.61838230263092
19.55353883910642
21.271736377561684
-879.3989936501439
-483.557256983418
22.003566912184265
307.46165612390433
20.7806124314219
-386.8724654397777
219.63623279768439
17.951192835004644
-102.59840772162978
20.37282325608971
368.9851631392545
20.531271508323307
-1936.262311368413
-251.2094992785014
19.999718457643407
-2.8390378862737977
-0.0005353504194563039
1.246698347017278
-18.17547262438166
-835.4883630009475
19.04409980294629
20.372823336643165
922.1914052266876
1438277.264540995
25.486744934824042
922.1899548926034
20.083251500442554
-967.4907624315109
20.23050652033268
-230.80089508138923
23.70258546884633
230.61965353325388
20.81262183564226
-461.6243947483027
21.489918170672627
230.62040531357889
-1848.1313295142768
20.762850791303364
276.11944264142346
19.999721729174926
1434256.923480084
461.22247808434537
20.23050536360027
-205.16039572515777
4.161621160228049
0.04376101197173487
-0.9703872565251455
8.743112091779244
-1759.4831492607846
108.47844466342295
25.686052114438528
-586.0395890964334
21.743779186602072
20.82697028455016
878.1145689990956
614.7789520810186
386.47575506011486
24.12684645650464
-219.7616045142517
-288.8272713585292
20.70844166166467
19.866402444557508
-9338.956479658971
23.70273707364925
263.53906497075826
-439.58581944860595
20.999692699580862
22.542296068883022
-17.60356385191143
20.99969528559707
21.508979892738335
-556.8360645280258
1446942.1408142664
-263.73790870233483
-0.18208078442041342
0.9421023520502999
-9.138179799907991
21.73514244308596
922.0942629984891
20.762843404046205
1843.0720051349012
21.508981759245952
878.2133173497938
-263.7390933903733
23.702744480906944
-115.40352658275364
21.469044320883235
-195.36759974370088
965.969745386402
20.590333365267142
184.4724917295737
20.955911074490153
-205.1353909641633
-1847.9385010705096
20.531259913646515
-316.4919481063311
28.482580879364374
20.40585749907828
-467.1937853933561
20.228422784582037
25.671802568914018
2240.6730323691004
48.91423885579593
19.79663511025451
-289.888290029447
21.957379917900077
2075.550914922904
26.294748315839033
2050.7631201999575
280.3870199171262
15.710838497185604
293.2656640268723
-522.3733632552619
21.356563459866436
-381.26837442724343
-419.39389651251713
22.50808322488653
-381.26971252915104
828.0231179187676
22.708991745193508
20.62088738448437
1466.4558054799977
-311.44052564820305
2.1167111695805993
0.0009488624277970815
-1.8315893155218002
402.60523749093284
21.48509022452192
-280.2456484064023
-560.4716604758719
22.57251354090701
-350.3635535152794
20.237806898068246
22.50801616275574
-363.6883916807114
21.191059729554453
-670.4038021739732
-645.2296609294398
21.143454042308075
201.0173246742544
24.783790702983683
-738.5874557162301
18.852874306452275
-584.659367165718
-411.04141636166304
20.94842009242739
-292.2826984687029
19.549437079231044
-265.6837740252758
21.159494949623557
2342.623816338224
22.349069609743065
-0.47743518708549704
0.24128274011724662
-381.7682338699687
26.619032179529484
-132.8019939733669
10.2609320754598
-63.730120103782134
-113.2970209501296
27.42154858722601
-365.23163343864513
-236.57736117061364
22.398159783112604
-153.50815802124453
-199.74518148007908
26.32837464020521
20395.966235496944
-1583.3133513295097
24.096958107813926
242.43575346803078
17.75631947893111
453.94867675471073
1038.5202224813274
18.380531862185908
-609.9349707552893
20.999719444800238
-154.83080863122026
24.01640908515831
596.5441312567225
1144.364904560543
19.447753374855424
229.76765635293353
20.7392078308135
19.952830904367634
0.5216825537269648
-0.09077237953056395
-3.926305537070882
20.86878172446669
-46.28308798372108
673.154778248765
20.154614805753404
1195.423513747575
-380.568097177923
20.297598808064908
19.993716243502472
1858067.7780418252
439.34660240385875
22.56725129601993
149.4919718511328
20.999760926114483
-314.22506794221755
20.154714397255646
1255.484913204433
-8041.433341846245
-4.90904200885885
-0.038354632710024365
1.016865339190446
-19.813682229875358
18.033629453978307
-527.0307568609281
20.825208941895855
-266.17794271400567
21.460160627935817
526.5890356065024
19.350814416276503
-359.33256413061554
20.999766753002792
275.06886786057515
22.76277166884978
-342.16892942383544
149.5546931475302
20.298067113896483
-184.26345913931183
21.387723298926556
21.1412559042236
0.2721178120904818
-0.4220765973492082
8.02452509658479
-21.702382060629965
22.309138926411336
-526.491823890748
21.893836617609583
-358.9107517173336
1254.8405977848656
2508.088682275032
22.713819844591786
19.999791250115678
10202.38310160225
21.438149318404058
-314.0033807593615
343.6619665394614
20.6940829159691
1314.3888191805333
20.154469647595853
-18.461438584609866
-0.11094157019042211
2.3746083103475546
-25.265426799236007
20.69416556884184
20.317995295575273
597.4983369671417
278.84666736695715
20.154396220007754
19.99979935099016
285.77460246908277
-528.9875558121865
15.845562158255207
469.0111801218107
140.57727529456758
20.45760959911385
21.418207901377617
1247.139192460021
215.82160417884225
22.735004722394297
339.0124860942471
21.087391778445824
596.1733074120551
22.34427617740241
500.823013214754
19.042402399693753
372.1055115586076
19.994583582734183
2501.7175113266676
19.994585343065523
0.4214352747341248
-0.24016758755557588
220.572887146111
417.38484952196535
2059733.7252370918
21.816951971570383
-501.0572809437699
401.2284032381047
20.94676304112516
-505.46996553443205
4458.551500777368
21.660907425371054
236.4101599684751
20.161972039699805
453.86477982011195
541.8109057716391
9096.735888798821
18.348256507642905
293085.6899293916
2594.398118549755
20.276184510726168
1820.6309727747853
178.19225375466985
721.7797958127363
21.213568287790938
-11973.938212730665
1337.700357942325
20.3319350859211
-9.209134065819699
3.7185345782787618
12.176926630613826
6.862823336443972
6.629337987675163
7.523614943530259
10.127765671094743
6.902670361030487
7.140528603631346
10.679594374645395
7.19940601272889
6.800575967462437
6.781117270027111
10.725464979555547
6.742528926304397
7.523636453078957
9.999946948315689
20.48440711597801
10.773411857870295
11.85770198037499
203.43079606123288
19.37618268853199
191.97146370294703
17.758390175167463
158.40880076570502
179.96348380884703
205.5480570881263
1.6829235543099395
-0.07520818195293205
-1.861727469346538
22.490737795664
358.97946565936326
209.4064507279048
19.594293994782213
202.96234293846243
439.7364804290677
18.891724660101925
329.81149914148995
-1.4651455363739085
0.04735260378769717
1.1458028152504816
603.0267021558175
352.46965809160037
324.3947293317514
18.80203422498067
21.339885807487967
369.270770180058
20.160470081140733
288.4475785838432
6.217193724443836
0.002307102357052062
-0.04244033877869106
